   0.0000000e+00   0.0000000e+00
   1.4000000e-01   0.0000000e+00
   3.8000000e-01   0.0000000e+00
   7.1000000e-01   0.0000000e+00
   1.1200000e+00   0.0000000e+00
   2.0000000e+00  -2.2000000e-02
   2.2400000e+00  -2.4000000e-02
   2.5400000e+00  -2.5000000e-02
   3.0300000e+00  -2.2000000e-02
   3.6600000e+00  -1.6000000e-02
   4.2300000e+00   9.0000000e-03
   4.6800000e+00   2.1000000e-02
   5.4000000e+00   2.5000000e-02
   5.6700000e+00   1.1000000e-02
   6.2300000e+00   1.1000000e-02
   6.8400000e+00  -1.1000000e-02
   7.6900000e+00  -2.5000000e-02
   8.1000000e+00  -2.0000000e-02
   8.4300000e+00  -1.2000000e-02
   8.6900000e+00  -2.0000000e-03
   8.9800000e+00   8.0000000e-03
   9.2900000e+00   1.9000000e-02
   9.6700000e+00   2.4000000e-02
   1.0070000e+01   2.5000000e-02
   1.0670000e+01   2.2000000e-02
   1.1360000e+01   6.0000000e-03
   1.1730000e+01  -1.6000000e-02
   1.2070000e+01  -1.9000000e-02
   1.2680000e+01  -2.2000000e-02
   1.2920000e+01  -2.2000000e-02
   1.3350000e+01  -1.2000000e-02
   1.3890000e+01   0.0000000e+00
   1.4130000e+01   1.3000000e-02
   1.4690000e+01   2.3000000e-02
   1.5090000e+01   2.5000000e-02
   1.5440000e+01   2.3000000e-02
   1.5680000e+01   1.4000000e-02
   1.5930000e+01   8.0000000e-03
   1.6090000e+01   1.0000000e-03
   1.6460000e+01  -6.0000000e-03
   1.7210000e+01  -2.1000000e-02
   1.7830000e+01  -2.1000000e-02
   1.8210000e+01  -2.1000000e-02
   1.8440000e+01  -2.1000000e-02
   1.8740000e+01  -2.1000000e-02
   1.9030000e+01  -2.1000000e-02
   1.9210000e+01  -2.1000000e-02
   1.9750000e+01  -2.1000000e-02
