   0.0000000e+00   0.0000000e+00
   4.2000000e-01   0.0000000e+00
   1.1000000e+00  -1.0000000e-03
   1.7200000e+00  -1.3000000e-02
   1.9200000e+00  -1.9000000e-02
   2.1100000e+00  -2.1000000e-02
   2.4300000e+00  -2.3000000e-02
   2.9000000e+00  -2.4000000e-02
   3.5300000e+00  -2.5000000e-02
   4.0000000e+00  -2.0000000e-02
   4.6500000e+00  -1.7000000e-02
   5.2200000e+00  -1.0000000e-02
   5.6800000e+00  -1.0000000e-03
   6.3100000e+00   6.0000000e-03
   6.8300000e+00   1.1000000e-02
   7.5800000e+00   2.2000000e-02
   8.3700000e+00   2.5000000e-02
   8.8900000e+00   2.4000000e-02
   9.7100000e+00   2.0000000e-02
   1.0210000e+01   8.0000000e-03
   1.0560000e+01   2.0000000e-03
   1.0830000e+01  -3.0000000e-03
   1.1170000e+01  -6.0000000e-03
   1.1610000e+01  -1.2000000e-02
   1.2280000e+01  -1.4000000e-02
   1.2920000e+01  -2.3000000e-02
   1.3330000e+01  -2.5000000e-02
   1.3750000e+01  -2.3000000e-02
   1.4140000e+01  -2.0000000e-02
   1.4440000e+01  -1.6000000e-02
   1.4770000e+01  -1.4000000e-02
   1.5040000e+01  -6.0000000e-03
   1.5610000e+01   4.0000000e-03
   1.5990000e+01   4.0000000e-03
   1.6280000e+01   1.2000000e-02
   1.6720000e+01   1.8000000e-02
   1.6870000e+01   1.8000000e-02
   1.7110000e+01   2.1000000e-02
   1.7460000e+01   2.3000000e-02
   1.8090000e+01   2.5000000e-02
   1.8730000e+01   2.5000000e-02
   1.9130000e+01   2.2000000e-02
   1.9400000e+01   1.7000000e-02
   1.9940000e+01   1.3000000e-02
   2.0280000e+01   1.1000000e-02
   2.0980000e+01   1.0000000e-03
   2.1320000e+01   1.0000000e-03
   2.1560000e+01   1.0000000e-03
   2.1940000e+01   1.0000000e-03
   2.2580000e+01   1.0000000e-03
   2.3200000e+01   1.0000000e-03
