   0.0000000e+00   0.0000000e+00
   5.8000000e-01   0.0000000e+00
   7.8000000e-01   0.0000000e+00
   1.2200000e+00  -1.0000000e-03
   1.6900000e+00  -4.0000000e-03
   1.9400000e+00  -6.0000000e-03
   2.6200000e+00  -1.1000000e-02
   3.1100000e+00  -1.2000000e-02
   3.7900000e+00  -1.4000000e-02
   4.3400000e+00  -2.0000000e-02
   4.6900000e+00  -2.2000000e-02
   5.4100000e+00  -2.3000000e-02
   5.6900000e+00  -2.5000000e-02
   6.0100000e+00  -2.5000000e-02
   6.2700000e+00  -2.5000000e-02
   6.5700000e+00  -2.5000000e-02
   7.3200000e+00  -2.4000000e-02
   7.5500000e+00  -2.2000000e-02
   8.0500000e+00  -2.2000000e-02
   8.3700000e+00  -1.9000000e-02
   8.7600000e+00  -1.9000000e-02
   9.1600000e+00  -1.6000000e-02
   9.5400000e+00  -1.4000000e-02
   9.7600000e+00  -1.1000000e-02
   1.0460000e+01  -9.0000000e-03
   1.1080000e+01   0.0000000e+00
   1.1310000e+01   0.0000000e+00
   1.1570000e+01   3.0000000e-03
   1.2210000e+01   5.0000000e-03
   1.2970000e+01   1.1000000e-02
   1.3500000e+01   1.4000000e-02
   1.3750000e+01   1.7000000e-02
   1.4070000e+01   1.9000000e-02
   1.4300000e+01   2.1000000e-02
   1.4890000e+01   2.2000000e-02
   1.5300000e+01   2.4000000e-02
   1.5830000e+01   2.4000000e-02
   1.6520000e+01   2.5000000e-02
   1.6900000e+01   2.5000000e-02
   1.7370000e+01   2.4000000e-02
   1.7720000e+01   2.3000000e-02
   1.7990000e+01   2.1000000e-02
   1.8370000e+01   2.0000000e-02
   1.8580000e+01   1.9000000e-02
   1.9350000e+01   1.5000000e-02
   1.9700000e+01   1.3000000e-02
   2.0180000e+01   1.0000000e-02
   2.0470000e+01   8.0000000e-03
   2.1260000e+01   1.0000000e-03
   2.1560000e+01  -3.0000000e-03
   2.2150000e+01  -4.0000000e-03
   2.2510000e+01  -9.0000000e-03
   2.2780000e+01  -1.1000000e-02
   2.3160000e+01  -1.4000000e-02
   2.3700000e+01  -1.9000000e-02
   2.4180000e+01  -1.9000000e-02
   2.4570000e+01  -2.1000000e-02
   2.5250000e+01  -2.4000000e-02
   2.6070000e+01  -2.5000000e-02
   2.6450000e+01  -2.5000000e-02
   2.6970000e+01  -2.5000000e-02
   2.7250000e+01  -2.4000000e-02
   2.7740000e+01  -2.3000000e-02
   2.8590000e+01  -2.1000000e-02
   2.9310000e+01  -1.7000000e-02
   2.9980000e+01  -1.2000000e-02
   3.0190000e+01  -7.0000000e-03
   3.0600000e+01  -5.0000000e-03
   3.1190000e+01   0.0000000e+00
   3.1790000e+01   1.0000000e-03
   3.2140000e+01   6.0000000e-03
   3.2440000e+01   9.0000000e-03
   3.2790000e+01   1.0000000e-02
   3.3560000e+01   1.7000000e-02
   3.4170000e+01   2.1000000e-02
   3.4410000e+01   2.1000000e-02
   3.4720000e+01   2.2000000e-02
   3.5200000e+01   2.4000000e-02
   3.5420000e+01   2.4000000e-02
   3.5910000e+01   2.5000000e-02
   3.6090000e+01   2.5000000e-02
   3.6490000e+01   2.5000000e-02
   3.6930000e+01   2.5000000e-02
   3.7250000e+01   2.4000000e-02
   3.7550000e+01   2.3000000e-02
   3.7930000e+01   2.2000000e-02
   3.8240000e+01   2.1000000e-02
   3.8410000e+01   1.9000000e-02
   3.9100000e+01   1.8000000e-02
   3.9440000e+01   1.4000000e-02
   3.9670000e+01   1.1000000e-02
   4.0000000e+01   1.1000000e-02
   4.0560000e+01   7.0000000e-03
   4.1010000e+01   3.0000000e-03
   4.1800000e+01  -2.0000000e-03
   4.2120000e+01  -7.0000000e-03
   4.2420000e+01  -9.0000000e-03
   4.3050000e+01  -1.5000000e-02
   4.3370000e+01  -1.5000000e-02
   4.4150000e+01  -2.1000000e-02
   4.4710000e+01  -2.1000000e-02
   4.5120000e+01  -2.3000000e-02
   4.5670000e+01  -2.5000000e-02
   4.6080000e+01  -2.5000000e-02
   4.6730000e+01  -2.5000000e-02
   4.7270000e+01  -2.4000000e-02
   4.7730000e+01  -2.3000000e-02
   4.8080000e+01  -2.1000000e-02
   4.8390000e+01  -2.0000000e-02
   4.8710000e+01  -1.8000000e-02
   4.9120000e+01  -1.6000000e-02
   4.9350000e+01  -1.4000000e-02
   5.0010000e+01  -1.1000000e-02
   5.0340000e+01  -7.0000000e-03
   5.0880000e+01  -4.0000000e-03
   5.1460000e+01   3.0000000e-03
   5.1790000e+01   3.0000000e-03
   5.2130000e+01   8.0000000e-03
   5.2790000e+01   9.0000000e-03
   5.3220000e+01   1.3000000e-02
   5.3590000e+01   1.6000000e-02
   5.3860000e+01   1.8000000e-02
   5.4070000e+01   2.0000000e-02
   5.4600000e+01   2.2000000e-02
   5.4870000e+01   2.3000000e-02
   5.5260000e+01   2.4000000e-02
   5.5870000e+01   2.5000000e-02
   5.6340000e+01   2.5000000e-02
   5.6860000e+01   2.5000000e-02
   5.7200000e+01   2.4000000e-02
   5.7630000e+01   2.4000000e-02
   5.8300000e+01   2.0000000e-02
   5.8600000e+01   1.8000000e-02
   5.9150000e+01   1.7000000e-02
   5.9350000e+01   1.4000000e-02
   5.9650000e+01   1.2000000e-02
   5.9940000e+01   1.0000000e-02
   6.0080000e+01   9.0000000e-03
   6.0320000e+01   7.0000000e-03
   6.0800000e+01   5.0000000e-03
   6.1250000e+01   0.0000000e+00
   6.1500000e+01   0.0000000e+00
   6.2030000e+01   0.0000000e+00
   6.2330000e+01   0.0000000e+00
   6.2630000e+01   0.0000000e+00
