   0.0000000e+00   0.0000000e+00
   3.6000000e-01   0.0000000e+00
   6.4000000e-01   0.0000000e+00
   1.3900000e+00  -3.0000000e-03
   1.8900000e+00  -1.6000000e-02
   2.6700000e+00  -1.9000000e-02
   3.0300000e+00   2.5000000e-02
   4.3700000e+00  -2.4000000e-02
   4.7100000e+00   5.0000000e-03
   5.0700000e+00   2.5000000e-02
   5.4900000e+00   1.7000000e-02
   6.1500000e+00  -1.4000000e-02
   6.9800000e+00  -2.0000000e-02
   7.4000000e+00   2.2000000e-02
   8.0700000e+00  -8.0000000e-03
   8.7600000e+00  -1.9000000e-02
   9.2700000e+00   2.5000000e-02
   9.6200000e+00   1.2000000e-02
   9.9400000e+00  -1.2000000e-02
   1.0210000e+01  -2.4000000e-02
   1.0990000e+01   1.4000000e-02
   1.1680000e+01   2.5000000e-02
   1.2160000e+01   8.0000000e-03
   1.3190000e+01  -8.0000000e-03
   1.3470000e+01   2.5000000e-02
   1.3750000e+01   1.4000000e-02
   1.4000000e+01  -1.0000000e-02
   1.4590000e+01  -2.4000000e-02
   1.5240000e+01  -4.0000000e-03
   1.5890000e+01   2.5000000e-02
   1.6380000e+01  -1.3000000e-02
   1.7020000e+01  -2.1000000e-02
   1.7330000e+01   2.1000000e-02
   1.7620000e+01   2.4000000e-02
   1.8210000e+01   6.0000000e-03
   1.8540000e+01  -2.4000000e-02
   1.9240000e+01  -1.7000000e-02
   1.9810000e+01   2.3000000e-02
   2.0030000e+01   9.0000000e-03
   2.0490000e+01   0.0000000e+00
   2.1010000e+01  -9.0000000e-03
   2.1590000e+01   7.0000000e-03
   2.2350000e+01   2.1000000e-02
   2.3040000e+01   3.0000000e-03
   2.3380000e+01   3.0000000e-03
