   0.0000000e+00   0.0000000e+00
   5.4000000e-01   0.0000000e+00
   1.1300000e+00   0.0000000e+00
   1.5700000e+00   0.0000000e+00
   1.9300000e+00   0.0000000e+00
   2.4800000e+00  -1.0000000e-02
   3.0400000e+00  -1.5000000e-02
   3.4400000e+00  -6.0000000e-03
   3.7400000e+00   5.0000000e-03
   4.0000000e+00  -2.2000000e-02
   4.4100000e+00  -2.2000000e-02
   5.2700000e+00   2.2000000e-02
   6.0100000e+00  -2.4000000e-02
   6.3400000e+00   1.6000000e-02
   7.5400000e+00  -2.4000000e-02
   8.1400000e+00   2.3000000e-02
   8.5900000e+00  -1.0000000e-02
   9.0700000e+00  -2.4000000e-02
   9.3500000e+00   1.7000000e-02
   9.8300000e+00   1.8000000e-02
   1.0090000e+01  -1.2000000e-02
   1.0440000e+01  -2.4000000e-02
   1.0710000e+01  -2.0000000e-03
   1.1280000e+01   2.2000000e-02
   1.1560000e+01   7.0000000e-03
   1.2870000e+01   1.7000000e-02
   1.3510000e+01  -1.9000000e-02
   1.3830000e+01  -1.9000000e-02
   1.4090000e+01   2.0000000e-02
   1.4750000e+01  -1.5000000e-02
   1.5170000e+01  -1.8000000e-02
   1.5960000e+01  -1.8000000e-02
   1.6310000e+01  -1.7000000e-02
   1.6690000e+01  -1.7000000e-02
   1.7090000e+01  -1.7000000e-02
   1.7590000e+01   2.2000000e-02
   1.8090000e+01   2.0000000e-03
   1.8750000e+01  -2.4000000e-02
   1.9100000e+01   2.5000000e-02
   1.9750000e+01  -2.1000000e-02
   2.0220000e+01  -2.4000000e-02
   2.1070000e+01   2.4000000e-02
   2.1520000e+01  -2.4000000e-02
   2.1910000e+01  -4.0000000e-03
   2.2570000e+01   2.4000000e-02
   2.3210000e+01  -1.1000000e-02
   2.3470000e+01   8.0000000e-03
   2.3780000e+01   2.5000000e-02
   2.4240000e+01   7.0000000e-03
   2.4490000e+01  -2.5000000e-02
   2.4780000e+01  -9.0000000e-03
   2.5160000e+01   2.2000000e-02
   2.5500000e+01   2.5000000e-02
   2.5710000e+01   3.0000000e-03
   2.6030000e+01  -2.4000000e-02
   2.6590000e+01   2.3000000e-02
   2.6820000e+01   2.3000000e-02
   2.7490000e+01   1.9000000e-02
   2.7630000e+01  -2.4000000e-02
   2.7900000e+01  -1.5000000e-02
   2.8120000e+01   5.0000000e-03
   2.8950000e+01   0.0000000e+00
   2.9590000e+01  -2.0000000e-02
   2.9860000e+01   8.0000000e-03
   3.0270000e+01   2.5000000e-02
   3.0630000e+01  -3.0000000e-03
   3.0850000e+01  -2.4000000e-02
   3.1110000e+01  -1.8000000e-02
   3.1740000e+01   0.0000000e+00
   3.2430000e+01   1.4000000e-02
   3.2980000e+01  -1.7000000e-02
   3.3460000e+01   1.5000000e-02
   3.3720000e+01   7.0000000e-03
   3.3940000e+01   6.0000000e-03
   3.4190000e+01   6.0000000e-03
   3.4430000e+01   6.0000000e-03
